125
125
125
125
124
123
124
125
125
125
126
127
126
126
126
126
125
124
124
124
123
122
123
123
123
123
124
125
125
125
126
126
125
124
124
124
123
122
123
123
123
123
124
126
126
125
126
127
126
125
125
125
124
123
123
124
123
123
124
126
126
125
125
126
126
125
125
125
124
123
122
123
123
123
124
125
126
126
126
127
127
127
126
127
126
125
124
124
124
123
123
124
125
125
126
127
128
127
127
127
126
125
124
125
125
124
123
124
125
125
125
126
127
127
126
127
127
126
125
125
125
124
123
124
124
124
125
126
127
127
127
127
127
126
125
125
125
124
123
124
124
124
124
125
126
126
126
127
127
126
125
125
125
124
123
123
124
123
123
124
125
125
125
126
126
126
125
125
125
124
123
123
124
123
123
123
125
125
125
126
126
126
125
125
125
124
123
123
123
123
122
123
124
124
124
124
125
125
125
125
125
124
123
123
123
123
122
122
123
124
124
124
125
126
125
125
125
125
124
123
123
123
123
122
123
124
124
124
125
126
126
126
126
126
125
124
124
124
123
123
124
124
124
124
125
126
126
126
127
127
126
125
125
125
124
123
124
124
123
124
125
126
126
126
127
127
127
126
126
155
154
155
157
160
163
165
167
169
171
171
171
168
163
159
155
152
150
150
151
153
157
160
163
165
166
167
166
164
161
158
155
151
149
148
148
148
151
153
156
159
133
134
134
134
135
131
127
123
119
116
117
121
126
131
135
137
138
137
135
131
127
125
124
123
123
122
122
121
121
123
124
127
130
130
131
131
129
127
124
120
117
115
114
113
113
116
120
124
128
130
132
134
138
144
142
139
139
133
124
116
109
107
110
115
120
127
133
134
134
131
131
130
128
125
125
127
128
129
130
130
130
129
128
128
130
131
129
128
131
137
135
128
123
120
117
115
115
117
121
127
131
133
132
130
127
124
121
119
117
117
119
122
125
129
133
135
136
135
132
129
126
122
119
116
116
116
121
131
138
148
153
148
138
127
117
109
106
110
115
119
122
122
120
120
120
121
123
126
131
135
137
137
136
134
131
132
134
134
132
132
129
126
124
124
123
123
123
124
125
124
123
121
120
120
119
119
122
127
130
131
132
132
134
135
136
136
134
129
124
120
115
112
111
113
116
119
122
126
130
134
145
164
167
158
146
131
115
99
90
86
90
99
109
118
126
131
137
140
140
137
133
129
125
122
119
119
121
126
130
134
138
138
136
134
132
129
128
125
123
121
119
117
116
116
118
121
127
134
139
148
158
158
148
137
126
115
106
101
100
102
107
111
115
121
125
130
134
137
137
135
132
129
127
124
121
120
118
119
121
128
132
136
137
136
134
130
125
123
121
120
119
117
114
113
114
116
119
124
127
131
132
134
133
132
129
126
124
124
124
121
119
119
121
128
134
134
133
132
131
127
122
119
119
119
118
117
115
116
119
122
125
130
135
138
139
142
143
141
137
131
124
118
114
111
115
118
121
124
126
128
130
131
132
133
133
131
129
126
123
120
117
116
117
119
121
123
128
133
135
135
132
129
126
123
120
118
117
117
118
119
121
124
129
133
135
135
134
133
130
128
125
122
119
118
118
118
120
122
125
129
133
135
143
148
145
140
134
124
114
106
103
104
108
114
119
126
130
134
135
135
134
132
130
129
129
127
127
127
127
127
124
121
120
121
123
125
127
127
128
126
125
122
120
119
119
119
121
123
126
129
132
134
135
135
133
131
128
124
123
123
122
121
120
120
121
123
126
129
132
135
137
137
136
137
135
131
127
121
114
110
108
110
115
121
126
132
141
148
147
140
132
126
120
114
109
108
113
119
125
130
135
138
139
140
139
136
132
129
125
120
116
114
116
120
126
134
138
141
142
143
139
134
128
121
117
113
108
106
107
116
122
125
128
132
133
133
132
130
129
128
125
122
119
118
118
120
124
129
134
137
138
137
133
129
123
119
116
115
115
116
116
119
123
127
129
130
131
132
132
132
130
128
127
125
125
122
120
119
122
128
131
132
134
135
134
131
127
123
120
120
125
126
121
119
117
116
116
120
126
132
134
133
129
126
122
119
117
117
116
117
118
121
124
127
130
133
135
136
136
134
132
129
125
122
119
118
117
117
119
121
124
128
131
133
135
135
134
132
128
125
125
130
132
131
128
124
119
115
113
115
121
128
134
137
136
132
126
121
116
112
111
113
117
122
127
132
135
137
138
139
138
138
139
138
136
132
126
120
115
110
108
109
112
117
121
124
126
126
125
124